
77.82
82.92
82.35
77.19
82.36
85.74
80.0
79.57
85.08
83.05
84.39
82.01
86.86
85.41
82.1
83.97
83.47
79.55
82.63
82.22
81.97
81.39
81.31
79.21
79.49
80.24
80.14
76.72
73.43
76.03
77.66
77.61
79.83
82.5
82.07
85.47
78.0
81.44
81.49
84.88
84.09
79.76
83.29
84.19
82.09
86.26
80.05
80.46
80.05
81.31
78.39
79.48
80.23
79.9
77.81
78.27
78.94
77.86
77.74
78.14
78.7
77.45
77.28
83.16
83.04
82.78
80.89
84.74
82.32
82.11
79.68
83.49
83.2
82.18
81.8
80.34
80.62
83.02
82.11
80.51
79.2
83.93
81.61
80.33
81.37
81.58
82.5
81.43
84.66
84.13
81.77
81.61
82.01
82.03
81.61
80.03
81.63
82.72
83.0
82.59
